%YAML:1.0
MarkerWidth: 265
MarkerHeight: 130
KinectTransform: !!opencv-matrix
   rows: 4
   cols: 4
   dt: f
   data: [ -9.93688047e-001, -6.44874647e-002, -5.13266549e-002,
       2.06010056e+002, -7.55924433e-002, 9.60534692e-001,
       2.56647497e-001, -5.32416344e+001, 3.28457281e-002,
       2.59660393e-001, -9.62136507e-001, 7.00118042e+002, 0., 0., 0.,
       1. ]
